69,453
60,406
50,556
44,725
39,863
17,693
17,634
14,518
10,387
7,291
3,924
3,201
2,980
2,872
2,709
2,382
1,834
1,637
1,536
1,492
1,424
1,355
1,201
997
982
965
946
929
919
862
828
794
661
605
605
546
505
369
345
343
287
263
141
62
41
273,491
201,986
182,525
141,884
129,406
124,481
123,952
117,159
115,335
112,246
106,502
105,124
105,077
92,279
87,073
86,936
85,842
80,891
75,814
73,835
72,190
71,470
65,003
64,675
64,180
60,152
59,813
55,386
54,900
52,491
51,968
48,747
48,512
46,435
46,274
45,924
45,785
45,551
41,227
39,568
38,957
37,910
37,829
37,303
37,265
36,174
33,743
33,019
32,663
32,640
31,642
31,225
30,969
29,863
29,763
29,435
28,742
28,704
28,653
27,774
26,931
26,442
26,264
26,104
26,093
25,586
25,244
24,736
23,929
23,888
23,744
23,561
23,498
22,810
22,658
22,155
21,758
21,739
21,282
21,160
21,001
20,868
20,602
20,594
20,425
20,213
19,923
19,858
19,155
18,974
18,663
18,449
17,859
17,792
17,460
17,187
17,042
16,932
16,752
16,704
4,229
2,717
858
790
548
422
384
320
313
290
100,241
59,178
56,706
50,578
20,331
19,730
17,531
17,400
17,173
16,509
14,207
12,473
11,689
10,148
7,859
7,408
7,003
6,938
6,658
6,602
5,739
5,612
5,355
5,181
4,735
4,354
4,111
3,825
3,699
3,684
2,605
2,550
2,323
2,091
2,008
1,881
1,858
1,727
1,702
1,379
1,322
1,241
1,036
1,024
1,008
1,006
942
940
913
793
759
758
717
689
674
652
632
543
513
488
441
431
377
375
352
338
311
293
288
278
275
273
257
255
241
236
227
225
223
215
214
209
200
192
184
181
175
174
170
168
159
158
141
134
119
118
10
9
3
7
7
7
7
6
6
5
5
5
5
273,603
202,046
129,515
124,458
123,952
92,335
59,944
55,386
54,900
48,512
41,227
38,586
29,062
26,089
22,516
17,980
17,162
16,681
15,642
15,386
31,282
14,843
11,199
11,065
7,259
7,063
6,497
6,080
5,940
4,450
4,059
3,086
2,403
2,232
1,862
1,367
1,183
1,029
1,007
961
